
2
7
9
11
12
13
17
18
20
21
22
23
25
28
31
32
33
38
39
41
45
46
47
50
54
55
56
59
60
63
64
65
66
70
71
76
86
87
88
92
94
95
97
100
103
106
114
115
118
121
124
125
126
127
128
130
133
136
138
140
141
142
143
144
146
149
151
152
153
155
156
160
163
165
167
169
173
174
184
185
189
191
195
197
198
1
2
5
7
8
9
11
13
15
20
21
24
29
32
33
34
35
36
37
38
40
43
44
46
54
55
56
57
59
60
61
64
66
68
69
70
72
73
74
76
80
81
82
84
87
88
89
92
93
95
100
102
104
105
106
109
110
112
115
116
117
126
128
133
134
135
141
142
143
145
146
147
148
150
151
152
153
154
157
158
159
160
165
167
169
171
174
175
177
178
179
180
181
182
188
191
192
194
197
198
1
5
6
7
8
14
15
17
21
23
25
29
30
35
36
38
40
43
44
45
46
49
51
54
55
59
62
63
64
67
68
71
74
75
79
82
84
87
88
89
93
94
97
98
101
104
105
108
110
111
114
115
119
121
123
125
127
128
129
131
132
135
136
137
140
142
145
149
150
151
153
154
155
156
157
158
160
161
163
164
165
166
167
168
169
171
172
175
177
178
182
186
187
191
194
196
197
198
199
200
2
3
6
7
13
17
18
19
20
21
23
24
25
26
27
30
31
32
35
36
41
44
45
48
53
54
55
56
59
60
61
62
63
68
69
71
77
80
82
83
85
86
87
93
94
95
97
98
99
101
102
105
107
108
109
110
112
115
118
119
121
122
124
127
128
129
130
131
134
136
138
139
140
141
142
144
148
153
154
156
162
163
165
169
170
176
178
179
180
184
185
186
187
191
193
194
195
196
198
200
