26
-1117
-2392
-2779
136
-4238
2068
-404
-2722
-36
-495
-3614
4311
3301
663
3467
-3858
1904
-3057
2489
1590
-1424
1676
-1042
-2702
-3871
3086
-4021
-4646
2580
570
-811
-3092
-3034
3031
-4093
3043
20
-1125
4803
4291
3731
2999
4698
361
4472
-4328
3223
-1635
-4804
-696
1565
-4132
1077
-4869
-1050
-910
3680
-4976
522
-149
957
-1183
2181
-3992
-3658
1784
-4114
1919
3866
-3689
4157
-444
2221
-4612
4142
-1389
-558
-3956
2468
-748
-2581
-2454
-818
1872
-3631
-1649
1021
2637
-1914
-1311
894
511
1197
-1865
-1921
1789
-918
-3284
1775
10
3597
-436
-3845
2101
4079
-776
-1837
-1019
-3664
-4456
-3711
3532
4511
3319
2507
1350
2857
-3957
-4201
-2439
1429
-2178
2689
-4039
1476
-741
-1702
-309
-2794
1532
4384
-894
848
1154
-506
-379
-1450
3348
-4713
-1780
-64
2648
3098
-3574
-3739
-2095
-33
-1670
2930
-2578
1314
4824
1638
3774
4210
-2800
4414
-1880
-1622
188
-4213
-4423
306
-902
3042
898
-2988
-3631
2121
-2530
2854
1822
3297
-1117
-572
-396
-4914
2004
-3760
-819
-692
2033
-289
35
-4775
-3210
-3631
373
-739
4222
-1935
1359
4962
-4545
-1837
758
-3316
2271
122
-2659
-4728
1637
4318
-353
339
1533
-4619
-3928
-4444
866
-4076
4175
-315
-1523
-2081
481
-3084
2105
2162
965
-3547
753
4250
2745
-4809
-4944
2872
866
-3521
4589
3769
4893
-3296
1783
-2260
-344
-46
-617
-3669
1495
-2609
-341
4715
3175
-3831
-496
1191
-4375
-2632
918
728
-2344
3550
-817
1266
-2751
2140
-3495
88
4850
-3363
-1581
-1121
2799
3926
-580
849
326
720
1205
-958
-699
-1696
2554
-2702
-2316
406
3530
-2007
-495
-2430
-261
-3979
2452
4164
-4273
-3047
-43
-4431
2558
3352
-4863
-4150
-354
-419
3169
1444
3837
2348
-1283
-29
-4295
3234
-1448
-1631
-2553
4616
3335
1358
-3057
-4535
-4746
1774
4420
-2563
-2647
-2416
3070
-1354
2144
2162
-780
1548
1400
-2498
2365
3305
-241
-1842
-3972
3479
-2101
-3657
402
-1417
3473
1872
4823
-3677
1185
2277
-2386
-2027
-2621
1414
-2143
4762
3117
4574
-2613
-4575
615
2481
3221
-4095
3813
-985
2686
3901
4917
-29
81
4507
-2971
-540
3269
-978
2142
-4320
-3391
3738
2761
-1325
-4342
4611
3046
-3428
-1538
-1628
-2996
-18
-1527
78
-949
2182
-3722
867
1574
4826
946
3404
2747
-2970
-29
45
3971
549
-1197
-640
3935
96
4643
2009
2978
-4103
3342
-4224
740
1818
4507
-2140
3025
3283
-4433
-469
3407
-3540
2339
4886
-745
3145
-1371
-4407
4423
-571
-1879
1250
3605
-4514
4099
-3678
-1866
4455
-3346
3296
3890
-4605
4927
-2706
-4741
912
999
4915
3454
-4471
4484
73
821
-1627
-3917
4778
4042
1114
1531
870
-1357
2136
3419
-4416
-2814
926
-2771
2182
3891
-3718
-160
-1406
2424
3038
-839
2135
-3196
-1925
2364
4227
-3650
117
-1066
-3222
-687
1829
4505
-1907
-843
-459
-4606
-4121
4956
1648
2491
-4075
1464
688
-3708
-483
2603
-992
-69
86
753
1323
-2201
-2468
1637
3048
-2374
-2207
-2306
1851
3729
-2692
-2257
-1471
3379
-4482
-2360
-3524
3084
359
1884
1453
4133
1186
-3177
1798
1909
-4887
4457
-3386
-1104
-1751
-649
-3298
-2376
-290
-2809
-1507
4052
-3881
-1645
1847
1328
297
-3123
3685
-2444
2303
-219
3184
3087
-1967
-1381
-20
734
2454
412
-4356
-1964
1801
-1631
-4609
2627
3134
-332
2014
1174
1609
2877
-1772
1540
-1214
-1062
2520
-136
-4975
2593
-699
-905
2462
-706
4990
534
-3585
-2123
-2783
-426
-1359
-518
3386
1379
2561
3746
3465
2074
4769
-1902
-426
2851
1269
827
4420
3005
4104
-2294
3147
4749
-3953
3750
-4047
1172
-724
-2299
2186
-4877
-1798
-2340
-2926
4280
-3425
-3679
1796
4065
1536
3028
3973
-2242
2477
2825
-1704
-1949
299
-4415
-2926
-1929
1395
-3466
-872
-3547
105
2995
1954
4448
1024
4888
2661
868
-3371
1311
1499
-4818
2164
-4434
-3375
407
4531
-4860
-3658
2740
-194
4364
-4904
-634
-4318
-404
3215
2531
-4282
-2905
-119
97
-745
-3988
-982
478
4753
2580
-3061
1595
-60
4870
1583
1607
-464
279
4770
105
-4684
3214
1450
-2007
-368
-1072
-4243
3557
-1433
3532
4511
-997
-1511
3495
-2683
-1847
2689
3793
-2390
4849
4697
-1401
-3623
-4015
3548
4640
-2501
798
-1339
-3288
1380
-1998
1949
-798
-1954
1692
-1866
3442
-3311
-583
3134
-4153
-1381
956
75
-2268
-2329
4991
-555
-2773
-235
2033
2486
-781
-2304
4801
-4220
-3203
4615
-1269
-2085
4862
4587
-1228
-2747
2060
-3028
3069
-2140
-558
4915
1130
4943
-1235
-3993
-2631
-2692
2768
1021
-3082
699
4199
-1060
-3382
-1548
-3130
500
-4149
-3119
-1456
2823
873
4535
2793
-4145
-3619
-1579
-4395
-1209
1548
-1895
-349
2084
-4708
-3657
2421
-2215
2284
-3053
204
-4416
4141
4206
167
-3293
556
-1219
1530
-1046
-221
3215
71
-2116
-1628
-794
332
3784
3158
3258
-3213
-1092
2003
-3347
4786
3997
-2386
1106
3400
-3018
-3703
765
-507
-2551
2301
-200
3589
-3190
429
949
4114
869
-3345
4092
-4495
2966
-4308
-2319
-1783
2064
3104
-3008
-1795
2553
-132
721
3949
1438
864
2040
2440
-3181
3994
213
1772
887
-1056
-240
-3550
-2521
2491
-588
-1082
2241
-2680
-2473
-2742
2110
-2794
2418
-4773
1554
2084
-550
723
-1539
4732
2639
-2930
-3379
2814
-2084
-4163
4361
3792
-2454
-1535
-3
4483
693
-361
-4259
-3910
1647
3602
3846
-103
4402
-4551
983
1294
3575
-4544
1038
611
-1786
-16
3406
354
-694
4637
2131
-4364
3693
-3374
-4301
-948
-3461
-4060
1303
-2672
480
109
-1565
4534
3039
1615
-584
-3715
1076
-640
455
-3943
564
2779
-1140
-3941
3787
-3107
2166
-3777
-2739
4477
1630
-2494
184
-4732
4085
4066
3939
-28
1547
1447
-4229
-680
-713
575
4174
2527
1784
-1350
1610
-2456
2836
-134
-4675
1144
-552
1721
-4456
-2153
2650
-2281
-4500
1209
-2782
1258
2441
3420
-238
3415
-3124
2213
2174
1149
-4236
1157
2239
2038
-2417
1045
3539
4047
2275
863
151
-1222
4471
4513
3876
4399
2962
-1066
3246
-1269
-4435
4879
3573
764
-3074
53
2736
4109
1895
2037
-1319
-2078
-43
82
-3115
-764
-2243
-1939
-1076
2080
4219
-2709
1145
3727
-4876
4419
159
3778
-4572
4821
-1147
4082
-1530
4909
-1612
-3645
1379
-2384
-4442
1270
1593
-993
-2171
-911
4975
-567
-2955
1894
-786
-4997
4408
4526
3866
-3400
-4665
4596
2695
2918
-3901
-3591
273
-4424
2491
-1014
4488
2041
-4136
-1983
4349
-3702
3466
-4778
-368
513
-389
-1369
4162
-2429
1710
-635
4476
1029
-4820
4429
4168
-953
3527
-4880
2680
-309
-4757
1633
-530
541
-3555
438
-2835
750
2910
-2538
-4897
4505
1786
2224
1666
131
297
2249
-3568
-3569
-4268
-791
-2696
-2056
700
-864
651
3294
1993
-2278
-4666
-4240
1194
-912
1550
1103
4894
-2
-4536
3068
527
2538
222
3255
-751
4201
-3269
3837
-3002
-4380
2842
-4167
4233
1876
-4185
1879
151
3643
1430
-1339
-2712
3594
-2730
3000
-4840
3631
-2683
1551
2917
-1869
-1825
1256
3148
4189
1923
-410
-1648
-2144
2939
-1807
-2071
4600
-2435
2362
2479
1581
-3843
-3752
2780
2704
-3927
4095
-2498
1829
261
826
439
843
1627
1357
4330
-1307
4454
1059
385
539
1965
-3948
4243
1291
3866
1143
105
4363
3210
1135
-4089
1383
4469
3626
-2765
2069
4907
-1253
1113
4920
-3220
2257
4132
380
-2036
3197
768
4519
4835
-3069
4653
-1413
3361
-3529
1107
246
-2685
-391
3306
-643
3261
1380
1394
-770
3943
-273
-4846
1353
1458
1220
934
-3219
3664
1363
-3203
3434
1081
-53
1511
-1446
3648
-3800
2294
-813
-3036
-1177
453
-523
3319
2288
-4563
-1747
-4345
2717
-2331
2369
3681
3450
-619
1315
4112
-2952
2250
-4901
-96
4092
1125
-2784
-4717
163
4728
-2623
-4058
-4694
-1805
-244
-142
-3554
3773
-2932
-3539
-4250
-285
-3792
-4047
-3680
-4393
2314
173
-4218
4748
-4805
598
-1745
-860
2539
3194
445
-4500
-211
-818
2918
-697
4179
2276
4326
865
3287
2370
4078
-766
3688
2448
-1710
4777
-1175
4238
-3673
3752
-1009
4934
-2794
-1905
-2074
-4723
3064
3925
-4904
-1318
315
-1777
-4926
-2051
1630
1374
-425
1117
-2396
-509
1020
2951
-646
-1811
-4454
2066
-373
-813
-4783
4448
-2608
3765
-1948
13
-2672
439
2551
-1796
1447
1241
-937
-1406
4978
3024
-821
101
4367
835
2821
532
-3404
-601
-2687
-4781
960
4662
-500
-4681
2857
3366
-3365
-3321
-3813
2904
-4874
361
4413
4657
-599
-4772
-3829
2560
2982
-4052
2800
1558
3521
2899
-3506
-2661
239
2441
3102
-3158
1413
4066
-2997
262
-4559
-3628
-881
-3835
1964
-2965
4995
-2906
-3229
3536
1473
1245
4241
4178
1719
1501
7
-3814
-3429
-1422
2865
-3240
-4023
-317
375
-3416
-4493
-4645
2796
-3788
-482
4154
-3429
470
2236
2518
385
317
-1927
2528
1921
3424
1879
-3016
-1972
4338
521
-2393
2072
-927
-4802
-3836
-4140
-3831
-3874
-3608
3074
-3065
2519
-245
-191
3935
978
-2148
4595
2368
1247
-1387
-1681
-2324
-1512
536
-1559
3615
897
-826
38
2301
-2335
3741
148
183
-1181
2368
-1979
-4323
-4025
4432
-2431
-1525
-2432
23
55
1595
2828
4174
3473
979
-2478
-927
228
-1721
3606
851
-3264
-3738
-1974
1798
1816
-2249
2809
196
4921
-157
-1100
-763
-2972
3601
1508
3677
2565
-1174
1081
2229
-4335
357
-716
1328
4025
-3009
-2172
-2448
-3883
984
-1609
2521
896
-466
-3769
3455
2689
-1149
-1287
4029
2513
87
-47
3125
2096
-1237
3478
4501
3798
2662
-2718
2710
-1678
-107
3399
-2094
-133
4813
2369
2777
4079
-508
3570
546
2151
-310
363
446
2721
-2404
2184
-4755
-1938
-2374
2265
-28
3085
1896
2720
968
-4622
-1608
110
1417
1866
-4522
-3555
1436
623
-2894
217
3822
1593
25
-1542
4314
4717
2607
-713
874
-1092
999
-210
-1030
1316
2946
1772
-1095
-3968
-2027
3299
541
-131
4709
1840
271
-1951
1666
4750
4586
-2185
-3098
-3281
-3758
253
3458
-1561
3327
4763
4496
2641
3889
-3856
-1817
-2105
2456
-1645
-764
-3394
-2594
-1963
3614
2774
260
-3746
-3939
4523
-2820
-3754
-3658
-3672
-4039
-4940
2588
3733
3047
1434
-3404
-504
1024
1746
2323
2755
-4355
-270
1415
-3342
-4471
2656
-4111
-4347
-4249
-98
-358
3588
-116
-236
-364
-986
-1739
-1041
1004
316
1458
-321
-3265
4643
4924
-1990
-236
3595
3746
-1798
-813
2969
2087
-1650
2038
4418
-1742
-370
-3878
4066
2377
-108
1165
3536
-3620
-2825
1718
-2570
-3415
3851
3794
4932
2544
2866
-1600
-4630
1119
752
-2354
3885
3657
-1765
-2760
3891
2247
3282
-4633
-1271
3407
-2620
1387
4725
-3614
-1244
2552
4295
3591
798
-531
4584
-3899
2601
4226
4041
-1022
-3973
-4789
-2753
-3708
4842
1198
-1694
-4470
478
-384
-3137
801
-1044
-2474
3278
-2460
3711
4397
1919
3639
-756
-2172
4990
4611
-3937
-4687
-4645
-4759
-606
-968
3562
673
-3314
1917
-2307
-1367
-3769
-3335
4422
2719
3785
-2835
3208
-3908
-2786
-4965
3456
-1554
-4933
-806
2474
2589
-2515
657
821
-3010
2983
-1912
593
-3791
3019
1501
-1858
-1878
-1864
-1522
-97
-4516
3288
-2700
1612
3534
3748
3767
590
2529
-3542
-2893
-4856
3807
3958
-1105
4319
-2956
-2880
801
4820
-1335
2846
2564
-1020
1433
-137
1709
-3232
3809
3678
-394
-3202
3598
-3735
-3349
4252
626
-4982
4894
3043
1773
-2089
-1687
-283
-2699
-1120
4917
-2739
-3690
-4370
4090
-4852
-3444
4639
3877
3717
4533
-2207
-4265
-1653
562
3488
2805
3014
-4417
-4293
3489
-201
2496
3988
2753
-4860
-3935
1398
994
368
2835
-2489
-4735
2100
3297
4895
1489
-1605
-4074
-4468
-4572
2473
1813
-524
-2617
-4989
-3670
-2976
581
-4947
-72
-1081
-3476
-2983
-4835
-598
1306
-4293
-4266
-3770
885
-3353
-1399
4962
-1995
1296
-1267
-2454
-4860
995
1161
1572
681
2182
-2170
4144
-761
4397
3665
2767
2802
4340
3388
-74
-2829
2062
2132
1238
2637
1967
-2885
-1127
479
-516
1995
2773
-4971
-1780
-4195
2636
-8999
4804
1607
-3548
719
-2056
2657
4457
-3149
2802
2741
754
2167
3114
-46
2900
4163
-578
2412
-1106
-2678
2197
-1255
726
-923
-4068
-434
-2473
-47
2393
1537
-3865
951
-2214
2458
2069
1507
2623
-1010
4411
-985
2442
-1877
1150
3282
-2728
-4381
-1283
-964
3248
2999
-1434
-933
3299
-4893
2414
4832
-1624
-3436
-1381
3034
933
4125
-2807
94
-1492
-2335
-4933
-3492
-2268
-4309
3057
-480
-4405
-2162
1469
1509
2456
2004
-3515
1719
4152
3559
-4347
146
3449
-589
-4081
-3922
-2842
-4714
2928
-4734
-1801
2332
-1877
-1278
-3368
4201
4241
4430
-3394
-2975
-1150
380
-262
-1252
592
3662
4234
-793
-136
1384
-3368
554
-1694
-3968
1319
-35
-3349
-4884
4285
3698
-2672
-4637
4342
598
-4498
-3097
62
-1587
1605
-2577
2105
-708
1984
3064
-1038
1669
-838
2112
2316
-3714
1216
3516
744
-1071
-3198
-1346
-1202
1786
-3403
-3381
-167
4503
1389
-1455
-1898
-241
1349
3039
3533
4397
1052
2023
2510
3042
-3630
-1276
3844
568
3665
-4565
3976
4704
303
-4171
4053
2130
3214
998
-2353
3182
338
3637
3743
-4342
4075
-1828
3082
4610
1063
-3657
-1435
4867
-1378
-3588
536
256
-4044
4955
2494
-1480
-871
-2829
-4996
1384
4442
-4077
-177
-173
-3142
-1773
-374
-4014
-4741
4388
-4121
-1591
2411
4954
4319
3468
1035
4534
312
-659
-230
-2103
-7
-309
4214
-420
3715
-556
3873
-1547
2364
1292
-2780
-1812
4359
-3738
3061
2869
51
-1116
1087
-31
1787
-2366
4207
-1589
2619
-2553
-4054
1117
1119
3362
4275
-4200
202
-2071
1794
-4358
-1914
-552
-1592
-2266
-4461
3158
2566
3220
1149
2315
959
-177
-4252
-4510
3314
3016
542
1893
3953
4293
3913
-522
-3852
1977
-2477
-3617
3458
-82
4681
2820
2119
-1633
4668
-4978
887
165
-3988
1750
-4097
-1462
-324
947
-1221
1996
1581
148
-4957
3734
3355
-900
465
972
-56
4431
-3331
55
-2902
-1924
-2878
2573
4520
1771
-3513
-3432
462
341
-1814
3178
2452
-3321
-1425
-2388
-3518
3401
-2138
4051
-578
-2796
3726
1839
-2314
-2874
2291
-3722
2396
3
3459
-4990
3737
2104
2019
-4346
-135
4252
-357
-3256
1845
50
-3190
829
-4403
-51
-4960
-4792
933
-4992
-4068
-3839
-812
2968
4486
2242
3120
1925
1310
1412
-2759
1021
3372
2780
3089
-13
1442
2021
4903
4392
-230
1022
1745
2803
1983
1636
1928
4688
-235
-908
-1385
4101
-2090
3977
3103
4741
-916
4323
1361
1757
-4526
-2311
-3256
2523
3325
-1884
-2248
-3701
-3324
2844
-562
-4602
-1497
2698
2549
2422
2174
-917
-1052
2768
2374
4505
-93
-254
4961
-1733
-394
3374
-2122
-4885
1603
103
-4333
-706
-438
3836
-4268
3777
949
4759
-4619
4013
6
-3879
-4257
-4218
-2300
-2386
2208
-3169
-4115
4710
1574
-4470
-499
2373
3507
3707
-1895
-83
-4313
1468
4485
4448
-487
4154
-1106
-2141
-1817
2483
-1792
-722
-2658
-4075
-4582
3355
2500
2683
-1513
2021
3763
1056
3441
3860
2934
-382
-2160
-2680
4011
-4498
3968
-4339
-1491
-805
-3784
-4040
-517
1663
-1201
-2846
3506
-3407
3915
-2551
1675
2814
-2698
4276
2691
-2137
-3193
3861
4138
-922
-2831
3024
-4391
-1019
3322
2890
3194
1376
2028
3640
-2902
3786
3898
-2820
2782
251
4729
-3613
4100
3495
4610
-2410
-192
-1971
-294
-4215
-4112
3677
2373
112
-1774
-4919
958
-3481
849
-3331
4949
-543
-3590
-4840
-4941
4129
-4684
-3102
-354
766
-239
-2410
-1626
3407
-47
4772
4188
2270
3564
-1957
-882
-1370
-1180
3862
453
-3441
3352
2582
1661
-381
3985
1330
-2111
-2110
-3307
2998
2371
-1795
-110
-420
3533
-781
1362
-1364
-1327
69
222
-4980
-4319
192
4891
3077
1784
2506
-366
-881
2352
-2621
-1299
3926
2695
858
397
-2410
1549
-4016
1083
-4517
-3909
1539
-1557
2536
-4944
-4124
-3550
-1047
944
990
665
-3422
1435
1354
-1934
-4948
1149
3036
4953
4226
3994
1121
3687
1460
3631
3115
1693
1816
2506
4969
511
3681
-4834
3641
370
-2023
842
4348
348
966
-2495
4029
4802
-2595
-3751
2718
-3889
3361
-3657
-318
4858
-3706
2583
-3277
282
274
-1345
4923
-3813
-4055
3501
-1999
-801
3970
31
800
-3549
2591
3879
-160
-1751
-4816
-1677
1889
1334
4470
-4591
216
4941
3502
3926
1798
-940
3616
-3125
1058
-123
-4370
4670
-3086
1013
-1058
-1402
2709
-4958
-96
-2699
2023
3781
3545
-1791
-2470
-1525
671
3868
2390
-4058
-3112
-4000
185
-4713
3705
3666
37
2400
-3242
2958
4493
3230
-3872
-2422
-95
4375
-2703
-606
-2149
-921
2429
-2507
2094
3355
1871
2848
-3006
-4379
-4607
-4634
-214
4942
-2763
1258
-4303
-640
3554
-485
-2888
2708
994
1090
4158
-4057
-2062
1147
4040
-3086
3331
-973
3390
-1735
3743
1523
4594
-810
1089
-4365
4590
-418
-3601
4631
-3557
4627
-4084
-3260
3060
1508
2284
3063
4811
1684
4569
2540
-3289
-2204
-4328
715
3794
2639
-1800
2993
-1650
-4380
-924
-3539
170
-2709
4965
-1997
-2925
-3650
-288
3820
-1380
187
4307
345
-496
-1549
-2760
-1033
2171
-1375
-829
-2448
-720
-3498
-3368
4388
-1113
3725
-4152
2428
-4456
-641
-3275
-214
2604
4065
-2957
-2780
-1674
-1620
2
4567
829
-83
-4650
-1704
-1187
-3888
-2138
-537
2438
-3286
977
4017
-2819
-67
732
-716
2088
2287
3868
-2516
-3810
-4167
-4569
4012
708
1994
-2524
-2056
240
-2135
2175
-2141
-3475
4749
1425
2884
4268
-4643
4610
-2478
1592
1118
-234
1895
-4190
2114
-938
-341
-1839
1175
2524
-528
3313
3966
347
3545
-4006
-1637
-2538
2724
-4357
-864
4529
4067
744
-880
-4571
387
-1224
-511
-743
-1128
4903
-1553
2975
85
-2665
-1094
-3716
3904
-958
192
-3744
-3979
-4426
1822
-3392
-4898
-232
4088
-3448
-4714
2750
1161
3040
3020
-3050
3595
-2241
3995
1655
-2980
-4082
4380
-3738
4791
845
1017
-2558
-753
-588
-2981
3199
-1407
3822
3649
445
4578
-289
1188
2817
-2726
4630
4097
2950
-3081
-1302
-4511
4798
2782
2336
-2185
260
-1602
-540
-1869
434
-1420
356
-4004
-2307
2182
-4695
1034
-866
697
-4992
2985
3816
-1523
1968
-1986
-253
4159
1735
4315
-3251
2343
-488
-4758
420
-229
-4655
4920
2900
-2447
3209
4165
2968
-166
-3936
3355
3689
-2102
-1383
580
2838
885
-2030
129
1154
-4699
-3879
-356
-1135
114
-1656
-1466
-916
-1680
343
4166
275
3851
392
-2493
795
3614
-885
-3399
-130
-2421
-3163
-3433
-4257
4599
-4002
-2385
-1058
4468
959
-1587
724
1484
3639
-3587
3845
-2373
3088
-1880
2646
2251
-980
4432
4057
-2862
1902
3438
-30
-2841
4315
-2179
-4662
2520
-4542
-2420
-4336
1724
4232
4883
-350
417
-2098
-4482
-3763
-156
-287
381
-1856
-816
-4778
-4756
1302
-4808
4164
-2773
-4116
-4065
-4156
935
-2163
-4230
4973
832
-2409
-1681
-2244
827
-2612
-2578
1637
4663
2938
2357
108
3198
1541
813
-802
-3816
-19
-3648
4705
621
-2337
492
2725
813
-1756
1906
611
2555
2732
2008
-155
-1533
3620
3936
-2073
3170
1048
557
4610
-4880
-1693
805
1400
-3605
-518
1634
557
953
3847
-3056
-2800
2163
4668
2456
-121
-2986
-510
4580
3299
100
542
-4198
-597
-3037
-490
76
-4759
3675
-439
-4769
-1888
1697
-1034
-1889
365
-2169
-4773
-4605
-3975
3636
-1555
3959
4064
-2397
1730
-372
-3671
-2048
4436
4707
-4777
1543
1559
1385
-4850
370
3046
1791
1029
-4912
3089
480
-4488
3002
-3337
-3184
-228
3697
3338
-4774
-2030
3304
2259
-1647
-4582
2692
4031
1734
1425
-2087
2786
1854
-4238
-3197
-3439
981
2001
4873
1676
3561
4671
-4918
4089
2982
765
-80
-474
4323
-3614
4373
987
-953
1232
-13
2887
-2750
2858
-1281
2550
4860
1183
-2686
-3249
-2198
-1661
4880
1378
-4492
208
3003
2393
-2928
2414
4268
-4673
887
-2315
-3644
-4172
570
402
2551
-3110
-3339
2936
-2062
-3723
376
-1493
-4889
4892
281
678
1380
3877
3325
-77
3815
1139
-526
2641
-1142
2249
-715
-1872
1402
-377
2803
4910
-2431
3809
-2743
1506
-1250
3720
1100
-4700
-3630
-1954
2637
-1219
2055
2917
-3752
4239
2824
-2867
-4207
3509
742
4244
-1244
3802
-947
2518
-598
-1050
-4549
-4481
-2803
905
-1895
4045
-2191
-519
-4557
2062
-1083
-2850
4114
2681
1837
-2936
-3163
-3491
-4697
-4299
1151
-3238
-1345
1684
817
1932
-4494
1633
-4085
-4692
4414
-2982
-1483
2383
-4118
3585
3887
-3535
-131
-2356
4488
3751
-4214
-4260
-914
-1629
3988
-2431
-936
2327
2105
-2734
3850
603
1028
4920
-1312
4070
1651
2064
-4036
-2339
1838
3622
-898
-2013
3717
4771
-535
-3878
2638
4361
-4086
-2895
-1332
-1884
2831
-2437
3174
4909
3037
-1247
-61
-2742
-4679
-660
3415
1609
2173
4490
4409
3632
4951
4003
570
4035
4551
4864
-2777
1142
-3038
-626
2286
594
3444
1206
-3763
-1262
-3521
1796
-1637
-1424
1959
-658
-381
4267
4483
3132
-4371
-3067
-4031
-3291
-1757
3469
-395
2401
-868
4650
1345
3337
3410
-4388
477
2879
-3645
-2808
2955
-2074
454
-615
4419
4282
1509
-338
4144
2796
-315
-3904
-653
-2826
-1682
827
-1283
-443
-420
635
2512
-1356
2126
182
1505
1144
2994
1077
-3528
-2507
954
361
4881
-3905
-109
3112
-100
-499
4794
4186
4460
1909
-98
-2410
147
-1078
-3661
-4806
-264
-1920
1883
-936
-4526
3908
608
3515
-4255
1678
-3071
-11
-1618
-1151
3913
-3338
3369
1628
-2681
449
486
3350
355
-3935
1946
2936
-4040
290
3176
3707
-39
-4436
1501
535
2191
2288
910
-3095
3913
-1991
-3994
977
1034
-3403
-4462
1358
917
3030
1786
-288
-4213
3275
-4193
1497
4234
778
-4438
-3066
1159
1914
3970
-2607
-4151
-858
3812
-4996
4151
-987
539
-991
1259
-2661
-2646
-3988
-2911
-1009
3689
-4479
4557
-1059
1799
2300
3752
-3845
-4500
-294
2192
-2654
-863
-3769
1591
3125
-411
1028
3594
-1045
-3730
-2042
617
-3512
-80
2100
-970
-3565
4745
1897
-1246
-2162
3723
-1970
2314
1151
737
-2831
-4580
2714
4104
-586
1752
4269
-4038
-591
2424
3804
-3900
-1745
3257
-3940
2475
3381
4157
1117
4824
3455
3012
-2885
1974
1869
-4161
-1477
-3774
1174
-3267
1539
1763
1668
-3339
-768
4796
-353
-3245
3032
-1733
4712
-3610
2919
421
-4227
-3892
744
-1546
-1949
-2107
4312
-2384
-1245
-2756
-3222
-1990
-2047
721
4428
4792
-30
2487
-2461
-4964
574
-4476
3898
1525
-1971
-1983
-4536
-3251
3084
-2583
4228
1396
983
-3953
4612
1768
4693
822
-3825
-2546
-4181
2735
-464
-858
4085
-765
-2543
-3501
-90
-254
970
-4582
-3342
-2589
4972
-3888
2810
-2156
-1808
2771
3923
-2049
3862
-650
-2053
-4009
1664
1071
547
-2826
-538
122
3754
2811
-4863
2087
-1605
31
3776
-1894
4450
-1067
-276
-4633
-4735
2516
2233
-2212
-145
1391
-3106
-595
365
488
3930
-3207
3163
-3303
-4054
-1278
-2374
-3014
4516
-3600
-2311
640
-308
-1756
-4844
-3043
-1983
2949
-3145
-2175
4894
1956
-2926
-2490
2114
-1784
3981
2596
3980
-4036
3958
3589
928
3900
-4933
1958
3299
-1252
-1958
3805
-2981
3063
1655
-2490
3691
2340
-1526
35
-4822
-938
1766
-1973
3075
2260
3844
-492
-2819
-1095
800
4109
507
1443
-4300
-1494
-4827
3544
-368
4033
-2605
1560
-2124
-262
3716
2371
-3375
-2375
-1155
-301
-478
-1796
2242
679
715
-1020
1177
863
-62
-2666
3665
1831
1618
2639
737
4682
-1942
2753
3413
4206
-916
1608
2360
-822
-1113
3415
-685
-1329
1231
431
2941
4092
-709
-1977
-2901
4477
-2378
-3962
-3076
1275
-4529
296
4917
-3189
963
-2232
2219
1085
2353
-3554
-2323
-4151
-4981
-4255
-3212
4624
-3748
-204
876
2067
1970
-4624
-4837
-4154
1057
882
309
-3994
-1738
-2992
2560
4428
-3177
4228
2935
2692
3588
-805
-2850
-2113
4883
-2786
3238
2710
1824
-167
2567
-2702
1366
573
1432
-1909
-969
2232
-1695
-2858
-3204
-667
-4816
956
4871
-3321
4882
263
-4918
919
4509
1765
2024
4367
2937
-3616
319
-4852
-132
-315
-4162
4422
-2795
938
-3220
-3316
2773
4542
2053
-1176
4099
-3681
2951
-1583
-1837
-425
-1198
-161
-4934
4783
-4861
2428
1691
-4590
-472
4104
-377
4988
2632
-3737
-1516
-2739
1468
1531
-1856
4089
2655
2771
-2239
594
1587
1596
3478
110
-1751
2239
2249
-445
1717
-3364
-3370
-3505
2267
532
4457
3068
3643
-3704
706
-656
1298
3416
-3316
-164
3862
4518
-2880
-1640
-294
864
2459
1879
-4170
2716
-2039
-718
-3577
3641
-4650
-2599
4673
-4312
3801
-4276
4918
-2682
1936
-532
4551
3834
-2980
1697
143
3300
-2650
-4899
4399
-1845
1545
178
-4365
-708
3165
4634
-2255
1548
2177
-1830
-4009
-3225
1150
-2977
-4015
1076
3472
2442
-1119
-1001
4652
4371
1858
-3797
-98
4325
-1328
-415
-2622
-3198
2141
212
4004
-3779
-1405
-4262
2985
-372
-613
522
-3455
-3008
3511
3141
2318
894
-3178
4788
-216
1325
184
4731
-145
-2914
3812
341
3605
4870
4690
-4593
3965
1459
-2883
2185
3886
-4488
-2774
-2944
-2192
-843
-2398
4378
-1476
625
-2485
-4153
3359
4714
835
-2452
-2555
-2971
3070
454
-2644
1270
3919
4981
1347
3210
-1057
-2991
-858
-4009
691
1774
3002
-2169
4907
2022
424
-151
649
-350
-976
3680
1297
1677
-3339
-2254
-3932
-890
-3210
1867
-4677
1254
-1589
-4604
-2050
-2577
565
629
3539
4029
1007
-1958
2170
-2448
-440
1973
102
4117
3040
-2121
3896
-4323
4525
-2376
-4325
-4122
4313
-20
1555
296
2091
3484
3831
553
4504
1956
-2196
-23
-750
1341
-2215
4678
1915
-2646
1403
1712
-4831
468
-3342
1701
3827
3852
-3563
3904
4405
2978
3569
111
-1552
2258
2681
4778
2371
2628
4525
-2787
742
-451
1805
-4167
1125
3234
3286
-1946
1423
-356
408
-334
3546
-145
3330
335
449
-1803
-1087
-3202
-3241
-1257
3956
-2107
-3321
-1493
-4708
-1220
941
-299
-174
-2775
-3585
-2860
-2948
-2510
4858
-3475
-802
-4470
-200
612
-40
146
1932
4951
1551
-1434
2914
-95
-4687
610
4914
4546
-1546
-4886
-4884
-2628
2794
3493
-4739
2888
1589
-2075
-4901
3918
343
-4454
-2245
4714
-3973
3003
-4485
4195
3051
4133
-4745
-3857
-1111
-222
2620
-1218
-3308
-4112
-4754
-2656
1922
2377
1767
-3170
-2656
2270
1684
2314
2809
4824
-4966
-3854
-3650
630
-1576
-3282
-2383
-1156
3741
4919
-4836
-4358
-921
2187
740
4447
258
-1495
-1501
65
1067
-4410
-668
1570
1277
-4767
2069
-2296
1593
3638
-2114
587
1177
3599
277
-2682
-3634
3188
47
-4854
-1414
-342
2458
1043
-1916
2756
-1812
-1578
-3263
411
-3436
4261
-3026
-610
-2336
3001
4272
-3017
2795
195
3918
4693
1823
3755
-2617
-3681
-2345
-1871
-1847
3852
-647
-2447
2939
-1826
2154
2801
-4534
-1377
1153
-2916
-3809
69
3085
-4480
-2446
-1395
-4454
4916
-3237
2385
-2240
-2643
-3325
2057
172
-2049
-3351
477
-3907
1590
1155
4501
-4012
-2379
-3771
-71
4415
937
-1981
1857
-4980
-461
3196
-4258
-4934
2739
3688
4695
1085
1912
2970
4495
-2336
816
3287
514
3938
-553
-4012
4486
-1780
2274
4902
2513
3006
3879
2814
1386
4425
1326
-907
-148
-4028
-1225
-3038
3059
3044
-624
2438
-4140
-1026
-3606
-2462
3503
2031
-3859
2995
4912
3403
1457
4484
-2583
1629
4017
-911
1759
-2644
2508
4991
-2729
-381
1259
-318
-3127
3803
3824
-4794
3068
-1368
-3680
-1528
2714
2203
1802
-3148
745
2115
-3630
-4063
-4950
-3785
2714
4797
-3468
-3122
-2394
-551
-3012
-1277
-927
3350
-97
4511
-687
4607
2804
-377
-1
-2374
-2579
-3861
3562
3116
292
3277
-4786
214
-2270
-1327
2949
962
-152
-3951
-2721
-1530
4874
3530
3957
145
4133
-1300
-4129
3349
3536
3364
4214
181
-4383
1486
951
939
-3202
3106
-257
1163
512
-4344
-3085
3412
2689
-4081
-3186
2857
3191
2648
-838
-1138
1667
4598
4140
1017
351
4224
1603
116
3584
-2706
896
-4394
-4220
-2152
351
3241
828
-539
4198
191
-2123
-1069
-40
-3650
-570
1224
-4903
177
1088
-640
3888
1206
4134
120
-4973
-218
-4949
3882
4111
-10
3039
-476
-2224
838
-135
-1796
-3563
-1161
2151
-3061
-408
-884
3684
-3693
3047
-4901
3383
-4445
-4102
1644
4814
4226
-3341
1955
269
4640
-1135
-791
-1893
-973
441
2998
-4967
2196
3821
4840
-4956
-2619
-194
4469
-2792
795
-829
-851
-4844
1521
2407
-2721
3990
2198
-1482
-2244
3282
4965
2562
3197
-2627
-2894
3022
-2104
-3894
-117
3161
4468
2354
3425
-4330
-2731
-1371
3544
2930
3247
-1772
4644
3714
-926
-1892
4335
-3852
-4412
4467
-472
809
128
2533
3850
2795
-4094
469
416
3682
4583
2704
-1882
1335
-1932
3041
-3922
-3644
-378
-1507
-498
-339
305
1733
1496
-4268
-2688
-3249
-4113
1819
-2691
-3721
-3806
2787
3433
3910
-4654
-2607
-1028
-118
2661
2551
752
2157
-582
-1185
262
-1145
4332
-1445
-4899
-3044
4390
-1188
-898
4829
3771
4461
-3585
-1480
-2226
177
-934
-4368
731
3863
3968
-2829
692
4158
257
490
-3609
-3171
3910
-2182
-4778
2659
2428
-2595
-4201
1694
-3166
-4174
-3060
-3536
-4612
-4390
-3674
2660
422
-2982
-4495
-605
-2743
153
-2001
1252
-2362
2629
-4284
-491
-3333
-2685
-746
-2181
4200
-3679
766
-1649
1515
-767
3576
-994
1696
-4455
4157
1642
641
4501
-2228
696
1824
3156
-4013
-1218
-394
-907
2222
3656
880
-933
-2965
-2615
-1174
-4469
3827
-1062
-144
4725
2505
217
-3837
-3089
2389
3140
-850
-2760
-2681
-2337
4048
-762
975
-2244
811
-1074
-4774
-1505
-3665
1594
-2199
-2593
-3047
359
4801
463
2753
4925
-1761
4815
-3507
906
2099
1385
2661
1432
3001
14
2921
689
-4443
-3409
2513
-3741
2417
1939
-3916
2048
4127
292
-4566
-1267
66
4259
4728
-4866
-2859
4204
-1752
1897
-3121
-1941
642
295
3622
-1351
-1824
834
-1123
553
-4099
4198
214
-1262
-1234
1691
4792
2368
2132
-4890
1317
2481
1740
-4115
1403
-426
-1582
642
-2459
1662
4291
-2486
-4669
2342
551
-658
2392
-2813
-2019
-668
3418
3216
-4009
-4353
310
-835
4832
351
1612
-3085
1055
4598
-1040
2810
-3776
1867
-1995
800
3604
2178
1502
1012
1493
626
-2385
59
1401
872
2415
4459
-1898
-3772
-2276
2087
-1788
4547
4736
-1721
-4583
-4342
-4848
-383
812
1906
2680
-919
-4414
-3033
-3256
989
1070
-3445
4905
4187
-748
-4787
4817
2852
2796
337
-366
-3942
870
-3321
3189
4796
-3452
4089
-4477
-2013
346
-211
-396
54
1551
-452
1084
3820
1710
-1453
-1440
-2975
-3102
-3367
-1791
-1912
-1275
187
1201
3821
-881
-1760
-4636
-639
-4880
3895
-3427
3232
-1397
-3598
-2045
-3823
1018
616
-3065
4872
396
-3631
-2525
-1874
-4851
789
-1954
-3574
1508
4448
-548
3400
-1313
-3476
2928
677
4858
-3892
-638
1802
-1184
-1922
4404
-2152
-1340
2698
-941
-4639
2243
-2561
4806
1498
4306
945
3524
-3967
3217
-3469
531
156
4382
-4617
4803
-3058
514
-1312
2207
2870
-3484
720
1111
450
4823
-1549
3377
-2631
4061
4900
2042
-906
-1577
-3677
-2659
128
2740
204
1662
4796
-4124
-2273
4706
3247
-3437
3290
1623
-3955
3878
-2881
-3587
-2929
386
-1884
-2706
-765
1489
-4562
-3574
2004
-3707
2116
289
-3158
-3022
-4508
522
2023
4100
3621
-2966
-615
2139
-4377
-2261
-633
4723
-3704
4141
1632
-4824
-2485
-2150
-897
2299
1961
-4897
-632
375
3426
2847
4281
-3010
625
-1983
-1723
1047
-2098
2251
2863
4348
-610
4321
2888
-1164
4035
-1123
951
938
-3397
4382
-4863
-4943
-3249
2788
3277
-2430
-637
1856
718
-4662
-4127
-2052
-1907
858
2997
-4619
-89
616
4788
2930
-1905
-1346
1194
2488
4624
4907
-3382
-3807
-357
2288
-2018
1241
-3329
-343
72
-541
4036
-2951
-2842
-724
-760
4822
-2791
3780
-4172
1805
2596
2663
-1949
1944
3047
1371
171
-746
-2710
-4398
3604
-3817
-2792
-3187
2524
-3817
4094
2914
4794
4813
-1568
-1658
700
-2410
2181
857
3872
-895
-2071
-2339
-476
-3206
3928
2901
-4250
899
2985
-3226
396
-3749
3834
-3675
-3915
-1703
624
-3840
-4134
-2348
4965
3694
-1060
-4741
2057
-4029
2401
2039
-1611
-2302
-736
-425
-1084
1854
-3267
-826
2670
-113
4912
-1758
-739
4647
4822
-3640
-1845
571
-4304
-3685
-3035
-1055
-589
665
-4825
1272
2350
3097
-381
3130
4804
-231
-1089
4486
4561
1013
-553
1289
3473
2240
2319
2377
-4856
-1578
568
-4435
2408
-4614
-3217
-406
-2578
2459
814
3179
-3918
4823
3931
3732
-2374
-1577
-2150
-2785
3650
4602
-793
-1864
-4561
-2088
3701
1346
-769
1595
3502
-2137
-1227
1883
-3571
2407
4096
-3618
201
-663
4097
-854
-731
-3173
-2739
4997
1501
-1893
3586
2305
-3372
1677
-4863
3049
4737
2242
-1575
-105
-654
-1175
-3753
1235
-1938
1181
891
2240
-3958
2470
-2706
3231
-4202
-1244
1874
1851
3156
-1338
3424
1509
2279
-4339
1077
3872
-3592
1035
3566
2566
-3620
-2637
4158
-4403
1734
-3844
-2999
-2235
3090
-2134
-4752
-4935
3215
-1330
-1819
4288
357
682
-2250
3707
3300
-2437
29
3687
-161
3373
1828
2181
882
-1531
4170
-4809
658
-4629
690
3683
2821
1915
483
-3956
-1296
4487
2723
-3147
2554
-1875
4454
-2486
-13
-983
4095
-201
960
4927
700
1640
4100
-4663
1140
304
2245
1964
853
-3617
-3216
3848
2313
3725
-3574
4372
1907
3410
3590
-2113
-3736
4966
-2578
-2248
3492
-2867
285
4516
1901
934
1900
804
520
-1177
-2254
-4975
4566
1846
4635
-4435
-3181
2798
3078
3105
-1309
-2131
-4104
-1760
-2716
-1444
-4631
175
-416
-3427
-4846
-1238
-3586
-4528
2037
3255
2494
-1911
249
-2637
-1622
-924
1248
1113
375
3859
2706
2172
337
833
2829
-125
-4915
-1013
-1586
-2257
-4299
-4300
4314
-2558
450
3508
2432
-2759
-699
2833
-1453
-1510
4750
-3290
-4632
-3005
-3232
-2645
-1380
-2906
-402
1539
-3695
-959
110
2534
3511
-4575
2369
803
-3483
1470
-406
426
4371
531
-3907
-2045
4039
733
-2488
-4687
601
2402
4037
-2476
-861
-3290
-2304
2914
-3651
1009
-3688
2367
-3366
82
-98
-3586
932
-4674
2414
2062
4481
-344
2448
-1650
-2316
-3019
3617
-4160
4768
-4056
-4635
2992
198
-4745
3834
2409
589
4329
-1214
-4211
-2651
-4855
2293
-4446
2056
1105
-2056
-328
4717
-3929
-3181
75
-3706
2004
-3647
-380
1887
-181
2731
-3854
-2123
-2321
1279
-2153
-363
-1173
-3671
3131
866
-4554
1248
3812
821
-2382
2077
-630
-3142
-436
4160
-2412
-1685
-3599
-1061
-2098
1906
-994
969
-3053
3398
4184
-3224
4854
790
3348
-1379
2484
-879
3977
748
2852
2678
-542
4409
2045
3879
-4529
3423
-4235
-3733
4313
-3174
-2381
-4120
-2774
4769
-3157
3382
-4324
-3721
-3462
111
2227
747
-2772
4580
-4831
-2609
-4686
-1422
3892
-2300
-2031
-15
-3160
4853
-3358
2747
452
-527
815
1727
-2552
-3934
2473
-2660
2649
-4183
690
4788
-4949
-3322
2356
857
-3040
-525
-4419
-2114
-3215
2737
1374
512
664
4050
-3672
1448
-621
-1911
-1197
-4989
3687
-4620
-882
1285
4445
3856
4262
-4655
2885
2402
944
-315
1395
-4527
-116
108
-3453
79
1331
-428
4562
-4418
4852
-2871
-3033
1624
-1466
-2846
3457
3532
-4210
-662
114
-2374
1387
2493
656
-3818
1365
-3967
-222
2314
2622
2531
2675
-195
-1045
-1610
-1154
4395
1160
-3911
-3627
3851
1999
-4045
-433
964
2456
89
-4984
-235
1661
-1841
3571
1602
-2903
-3423
1891
-3442
-2646
2785
-502
-1013
2729
-862
3035
-3471
-1260
1995
-615
1586
-4297
1865
-3797
890
-720
3884
3802
152
3881
4384
-2962
6
-2387
-1594
-133
-4530
575
-3369
-1239
-1040
395
-1388
765
1300
1789
-2582
4715
1809
976
1150
-1871
4998
-1019
-695
-515
-3358
2426
-4105
-233
2864
-560
-970
1928
-1868
-482
-3050
3149
-2321
2972
-3442
-1166
2200
-2692
-705
2464
-3795
3463
-2978
4809
4923
-4814
1432
-4554
-138
-859
-3455
4913
-128
-4760
3342
-4647
1370
2272
3018
2670
-3409
952
-591
4278
-3476
1688
-4579
-1228
-2951
-2188
1372
-577
-1595
-4701
-4827
4633
3668
2479
1521
189
3812
-4004
-3498
3103
2644
-1360
2131
224
-4992
4525
3790
1641
11
4692
3710
1600
-2799
1496
-2342
-494
-3670
-4256
-4956
4469
-4656
-3796
1446
-3973
3404
1942
3886
4252
-3437
1789
2831
4893
-1668
-356
-4220
-4926
4344
-1452
861
2876
4180
3869
-1410
3532
3512
1654
2563
4634
-387
638
-3329
-2849
1543
-886
-2333
1997
-4313
-3600
-2487
-2151
-4792
2405
260
4889
-771
431
-3661
-4608
3359
-2470
-481
3464
-2099
271
4538
963
1914
810
-4896
3461
-568
-3173
-4297
3186
-4114
-995
-2719
1048
-3163
-2114
4261
-1178
-1052
1753
668
-1344
-1189
1288
-4001
-1398
1975
-2186
-3136
-109
625
-3286
3714
-4492
2213
-2141
3451
2706
1543
-3597
1330
3651
-4200
-4294
2118
571
2077
-4011
4409
2156
2117
-1686
-3739
3437
226
-990
1663
-3227
-714
-236
-1447
-1188
-2505
-2305
2569
-2070
911
269
3113
3240
-4125
-3446
3826
-1218
-4862
4045
290
-1656
945
-215
1692
3965
-3851
-3432
1691
889
3116
2218
2956
552
-1989
4785
-3668
-4876
-1776
-2557
4733
-4180
-975
982
-3595
4724
-3946
-3925
4410
-4489
-3003
-1801
35
1238
-3657
-1453
-1997
4499
3176
3012
-2906
-193
2654
2456
-836
3179
-532
990
2037
-456
1711
-24
-3262
4194
-1604
4228
1241
3459
1056
4666
-959
-521
-1936
-1738
-1609
1357
-821
-1918
4187
2155
-803
-4009
-4650
1737
-2924
-3483
146
-2382
-3254
-4490
-2986
-513
-3809
-1557
1104
-4921
-2010
-1406
575
3018
-3802
-2141
3636
3473
309
1049
-4905
-1723
-3425
-943
3840
3074
3422
3739
-609
-1251
1396
-857
-3651
655
-3111
347
-747
1443
1998
2221
2823
-2847
3934
4853
-786
-975
2073
-4247
1229
3661
276
3838
2388
-4616
903
3084
-4495
4456
1375
-4250
2694
1605
2416
-2898
1643
-78
-3924
-2389
296
-1015
-2377
-3382
4780
-4657
-1950
3795
3945
4192
1946
1391
2746
488
-3143
-815
-859
-838
-1948
1535
583
-4819
-168
3241
74
-1292
1095
-552
-2631
4654
-2856
834
-1768
-1575
-3970
-3325
-3508
4217
1447
-3201
-2716
-1691
-41
3775
4576
-1722
328
-57
-2370
3441
1947
3562
-3270
-2390
-2274
-2580
-1580
1442
4679
102
2972
4856
-3525
-2140
-2881
4236
4631
-155
2911
4411
-247
-2108
-688
2232
4880
-2737
961
980
-4841
-2472
-1822
-4260
1125
92
-2277
1244
1147
3429
4202
-1038
3797
-2723
-2262
-2652
-4732
1174
592
-421
560
-4683
-3475
-1832
-2616
-1327
815
-1851
1152
-1815
3150
3934
-1257
1754
2558
4014
3687
4252
30
-3496
2141
4351
3168
-4678
711
-3328
1084
2727
1294
3782
-960
-1295
-4258
501
3622
-2786
4417
1468
-2506
3951
-3971
-1368
-32
-2963
-251
2900
-1593
-4445
-4563
-3109
4245
1861
-853
2481
-653
-1612
975
-3397
-341
-3122
3888
3749
989
1382
-382
746
-4374
-2428
4965
-160
-2101
-1659
791
2693
-1222
4174
-3331
-2711
3745
-4339
-114
1064
1412
3891
-500
2704
62
-1665
3739
-4504
4790
-4195
-1085
266
-203
579
-4970
4860
-3215
-84
-4804
-166
-896
-1598
2551
3249
3761
-4444
-1127
1913
2780
-1511
-3117
-357
-1335
-4372
-388
-1713
433
1063
-2210
2315
-1342
4624
-2936
4588
691
-619
-2084
725
4304
4051
-274
2755
4028
-332
-3036
2381
4032
4158
-2227
4491
2324
-4514
1838
-1155
4909
-4471
-204
-2424
-4696
1131
-4835
-4826
-430
4927
-1688
2171
1111
4162
3786
-4057
-598
-868
1782
-3961
-3722
4429
-3051
-612
-4458
-1759
3101
-4715
-2069
1459
474
-3228
-1515
2255
-2683
352
-1931
-3568
-318
-4347
-465
1439
841
422
-4459
-4986
1848
-3013
1051
-1412
1396
1504
3332
-3262
-2158
2780
-1092
4923
241
-4696
-926
-1947
4260
-3474
-3930
997
-3901
-4789
470
-3135
-1329
2380
4103
-1928
386
2338
-2886
-410
-443
1570
663
2816
-2908
-4517
3209
1207
4394
-1043
71
4462
-895
-1440
4044
3371
4235
-459
2992
-4269
4151
-428
-2056
1332
-2790
-998
-335
-4799
-1791
2176
-3159
2346
-4144
-2441
4109
-4666
-1262
855
-4905
1296
1748
-3196
4295
-1332
3920
-1526
-4068
-704
4901
4956
-582
-4382
-732
-2741
1622
3883
588
-4843
-3500
2409
-309
-1441
-4683
2129
160
537
-3850
2356
-3207
-496
-3484
2702
4305
-3298
765
253
3222
4066
4299
-4223
-453
2000
2013
-2620
2165
430
2410
-1038
4774
4732
-3375
-1192
-1651
-223
0
4589
-4845
282
2510
4028
458
-967
-1061
-2599
-3941
13
4307
4919
739
578
-1414
4119
-3303
784
4615
-1677
4547
-2654
49
-3263
-1595
-3038
-3161
1697
-1525
3301
899
430
-464
4574
3228
4146
4567
4362
-1709
24
1784
-4014
3014
-2563
72
-3756
-2119
-1010
-4139
-4488
4836
-1837
-1043
4840
457
-3711
-1590
769
-4702
-1054
1110
3681
4292
2591
2600
-3791
-4757
4606
-4669
2914
3693
3351
995
4782
4219
-907
-4800
-2668
-825
3019
-251
-4119
-4146
-3530
-762
4815
-1489
-1738
3529
4150
-2533
-4107
-416
2697
-4471
2413
4329
80
4111
2615
-871
293
-1365
598
-2404
-2859
1113
3149
2245
-484
-1396
1144
-2313
4935
3708
-3824
4601
-4090
1041
1537
-617
338
-801
-1099
2909
2379
-3911
4349
1783
1250
2451
995
2588
1843
-1270
408
476
-1375
-4412
4956
-3142
-3328
4517
-2782
-4405
-1736
1493
-1363
2251
-4274
215
-1182
4946
-1534
5000
-3230
-3561
-4965
173
-2976
3974
-1559
-2080
3407
3272
1866
-526
3867
4143
4391
1237
-1803
1126
-3799
-516
1087
-1757
4514
-1753
-2946
-3494
-4581
-4851
4092
2961
3148
-3309
-4438
1354
3469
-48
745
-3583
-4164
4308
-1038
-3998
-3096
747
-1688
2385
1516
2206
-2070
-4721
-2038
-3684
4746
3114
1669
-89
-4650
-2139
730
1405
-4580
3178
-3094
-288
-1469
1743
-4037
-2152
-3990
2107
2325
954
774
-2177
-678
-3951
-153
-531
-3194
-1257
-1706
4086
-3765
-3994
1180
190
4316
4438
-1431
4555
4806
-3550
3295
-4634
-4059
4049
-3844
4927
1174
3512
-1135
-4220
3699
289
-1536
4041
-4758
4766
-2950
3882
-3320
4829
-4947
818
-1360
1405
-2852
2738
-2443
3425
-1475
-4609
-4545
-3776
2345
-4603
4737
2667
-3904
4848
-49
780
-2369
-4752
1789
-1902
-1019
551
-2559
-2373
-179
117
1794
-1749
-471
2501
1462
-1013
-2644
2765
-4430
1352
-4758
3431
2552
923
4655
-964
1321
4846
-1972
4761
-179
4930
-193
4861
-639
-800
602
2170
2711
1366
-3831
-4454
4666
2686
-3214
-2018
3953
670
3422
-515
4413
-3772
-1797
2145
-1693
-3850
4690
889
3602
4741
-2567
-2036
1728
-3369
2697
1341
824
-2395
-2492
1315
1291
-1974
25
3004
2796
4042
2250
-4443
-1449
2117
992
2892
3394
-2276
-692
2943
3559
1929
1976
-4165
369
1015
-826
2841
-1218
1106
4626
1870
1185
-3987
1220
-1144
4673
1464
3750
1796
1602
-1824
4809
-3922
896
3795
-3744
-2465
-2946
616
1575
2177
1871
-4750
2457
2124
1835
-16
3088
-144
1950
3929
-4125
2285
2766
4545
1602
-721
-4159
2210
-2483
3531
-3301
-3332
-3264
1124
175
2631
-3831
4479
2207
2798
-722
1195
-1761
-4264
3634
1699
-2617
-2632
-872
-812
-2307
432
37
-3810
3475
-4316
-4609
1154
1762
246
-1858
-3649
3199
3947
4317
4899
4378
4173
-302
-867
-1548
-4480
4307
-2551
3302
-4641
-1103
-1670
-4415
-3279
4356
3679
-3139
-4276
-1460
3973
2850
1124
-3717
4598
-559
-2590
-4177
-3645
4107
-1626
-4797
2117
206
955
-841
-3147
1665
1466
2482
739
4882
-1075
-3496
1258
2744
-4782
3886
4333
3670
-2419
3851
-4449
1905
-4711
-3490
-700
-4075
-1444
4111
2616
-2691
2298
-3291
-2637
4245
-3930
73
224
4006
696
370
4201
-4665
4878
-3033
-1477
-3365
4417
-3975
-1636
2921
-10
-1094
-3888
4616
555
304
4323
3225
-4864
3469
1348
2995
3823
2028
3386
2614
2969
-3123
-2009
-1775
735
2400
355
3395
4793
-1489
-513
825
-4943
-422
-1440
-4898
4828
456
-1724
1916
3195
-911
3242
-4997
501
-667
-3408
1280
-4132
1923
-4117
3986
-2583
555
-2695
3435
2508
257
3996
-4126
-2982
3996
3359
4703
453
-1303
-2461
493
-2444
-2809
413
100
-4071
-720
3153
-2146
-2634
-4862
4626
-2894
715
-2190
-1527
139
-4502
-4222
4284
4162
2754
-3163
4795
-715
4380
540
1986
2062
-2360
1419
4346
3447
1367
4823
4420
-4188
4441
-2971
-1066
4325
-665
-4067
-10
-3978
2813
-78
4509
-1601
-1154
2526
2931
1865
4975
960
3434
1665
-3510
1921
3551
1497
-1099
-3676
-2996
4104
4919
1613
-1847
-3311
1073
-650
-4530
-1088
1748
3420
3125
1126
4906
653
2436
-4843
-4260
3896
3883
856
-3756
4515
245
3360
972
-1699
2658
4197
3363
-4966
-3641
-1298
3720
4585
-761
-2586
3988
-3139
-4343
2284
-4147
-2205
427
879
2353
-3934
383
-612
-1662
1886
933
2703
4839
1312
-1579
1601
-141
1438
-594
1462
-965
768
4261
-2043
-2434
-154
-1033
-653
-2875
-1633
-3282
2270
-3783
1089
-605
2975
-3232
-2174
2589
3152
500
-1280
-276
724
-1958
3625
3784
4146
-3599
-53
-1223
4347
1081
1960
2524
2906
-81
-4264
-4844
-3930
-4
3263
-1539
-4289
1864
-4941
580
4770
2966
-1135
379
2494
3806
-4949
1619
2242
418
4490
-1504
-918
3844
-3773
3710
4816
669
-58
170
2502
-3387
-3637
3321
-3864
3788
-189
773
4886
-2087
-4488
9
-4521
-790
3488
3773
511
-2854
1767
-2403
1417
4455
1117
4546
-1701
-4357
-4878
3815
2360
-1753
-858
-3975
-1785
166
188
1187
474
1839
2300
2159
-1154
2296
-3155
-3804
-1172
-3933
4381
-4839
3038
4963
-3009
3797
827
3885
1922
-4346
-1000
-4211
1923
1630
-4347
2801
4494
2051
4116
-3954
1673
2450
-893
3283
4631
-4919
3464
4597
-3836
71
-1915
-3699
-2614
-3305
-3035
-3708
-1879
1664
1534
3846
1747
3280
4488
-642
-4195
-631
2411
882
-3305
3273
-4226
-1990
-3762
-4699
-4095
3443
287
-3187
-3296
-3700
527
1216
1733
4885
210
1963
1374
-188
-3367
-2086
6
1441
-1842
-3617
-3115
319
4396
3775
-4458
-360
-1930
2446
-1855
2977
-3322
-3582
652
1514
-4806
4881
3674
-774
-4807
4213
4273
-4961
1398
3945
-3151
-3106
-198
1683
-6
-3293
-963
358
-2894
4577
1993
-955
1780
3144
1619
-4474
-3343
-3265
-3615
4701
1937
4842
-6
2051
913
17
-2407
2016
-2033
811
2013
-2514
-4816
-103
-122
3879
3824
-4750
-487
4540
-2597
-503
1560
-3962
1137
-1568
-648
514
-3220
2551
811
-3317
3160
-2634
4507
229
-2171
619
-442
1103
1372
4344
-2453
170
-2964
3848
1739
-570
-3060
171
-34
-3032
1901
-1253
4336
1337
-2853
-4335
-1671
-4760
2330
862
4560
-4210
149
-3830
-2331
1868
-3782
1171
-2874
4882
-4752
4702
2650
-108
2539
2971
711
-4973
-554
-3410
1723
-4608
-4895
1018
3150
-110
1816
-3893
-1796
793
-4966
-679
795
3396
1821
-2284
-1748
3905
3890
1075
1908
4895
-1590
3022
767
-534
-1838
-328
-2302
2835
2686
3785
-3960
968
4173
2572
-3472
4862
4569
-2572
-1014
4884
-1865
-1183
-4828
2161
2264
2495
983
-4801
3503
1979
2964
2938
3343
4835
-238
-4140
4744
-2116
1962
3223
2585
-2658
-1670
-608
3290
-138
4471
3880
3413
2432
47
3458
-1700
1156
3487
-105
-1211
-1454
-2981
-1311
3487
707
3979
4227
1834
3614
-2130
-359
3134
-2783
-2999
3134
324
499
3302
-4811
-1857
766
2832
-1850
-4382
-1135
49
1811
-2513
-1998
3110
-4098
3298
-2813
-1991
1346
-4088
-2503
-1879
-2394
2636
4888
-194
-967
2460
4627
3893
493
1519
2133
-722
-3710
-4976
-269
-1558
-4644
-2607
-3682
-1165
1207
920
-4736
3766
-2197
-3978
2453
-4600
2894
-3646
4709
3608
1328
669
-1924
-4923
2857
1132
-440
1162
-1547
612
-2260
-1234
-2708
-570
-4056
399
-65
69
4853
-2386
-26
3477
1858
-4954
-4723
3949
3222
-3780
-3553
-2809
-3785
-2669
-3117
4776
-2991
4265
-1983
2396
4474
2522
-3102
4781
-1920
-1498
339
4013
4161
-52
4738
2755
2914
-3118
-2593
-1542
-2147
-4603
-1558
-3013
2957
1893
-511
-2782
-2131
1328
3665
3751
3117
-965
4724
-4577
1349
-4621
-4770
3879
270
-1277
-3244
-1672
-2974
1227
3737
789
2168
4208
2720
4603
3125
-1842
1786
-3676
-1346
-4657
-646
2220
1393
-2016
2403
-945
-3615
4157
-3430
2471
-3018
551
3183
-3557
-3925
1564
4547
-4228
2340
-3875
-4342
-836
-709
349
1030
-3438
-831
2503
-47
9001
2237
2474
-805
2861
4245
3423
-3439
-3249
3027
-4319
2552
-4442
-3228
-2135
-2673
100
-3701
3371
2071
-4944
4897
1997
3299
-3140
-1209
-414
-3498
2091
-3008
1942
-4510
-1539
199
1399
-2190
1869
-3820
4330
-4569
3512
-1918
4439
-1020
-4828
3850
4790
3324
2775
4121
-1099
1267
-2307
-2368
1656
-2290
-944
2275
-2573
1865
-3308
-4072
-3207
268
2595
4690
4918
2564
486
-2629
4966
-4727
-1466
4365
2805
-1768
1566
-4925
-1738
2427
-3461
2987
1775
-2570
892
-3044
4656
2284
1734
1215
1698
-1015
3097
1314
-824
-3907
2692
-3061
4304
2069
-3581
994
-407
1984
-2575
4987
3039
-1939
1091
-4951
-1955
-3244
-2565
3135
2496
-4134
-3534
-3026
1792
-4479
-480
1094
-4702
-1428
3027
2857
-4332
-2540
-2207
4107
2659
-2429
-2820
-1841
-1804
-1051
-762
-2774
-1000
-3831
-4145
3938
3321
4871
2738
3815
1571
-4516
1173
7
4577
-4487
3470
4908
-198
1079
-732
-1561
3514
4546
722
2022
-1999
-4742
-1154
-3181
-1067
-4972
-3486
3870
1491
157
-4392
2339
-1690
-4126
-3493
1223
-3092
-758
2053
-4481
2434
-133
-4891
2921
-788
2841
2240
-2151
-2004
4791
4958
4465
4273
-3403
1864
4685
228
-1310
2170
-4839
-4167
3674
-3340
-282
2440
-4377
-3610
2028
-3165
3037
-1823
117
4157
1070
-1531
-460
-4271
1750
-4257
2796
4715
4802
360
-4620
3659
-3461
-2697
-3066
-292
1498
-426
4864
-2965
-2624
3264
1505
-666
-3622
1004
-1815
-3151
2129
-4572
178
-1841
1930
2825
-2092
2722
-795
3540
95
4414
-2673
-4681
555
4900
-180
2698
3592
4728
-2168
-2533
-280
-1080
1010
4871
-3710
-4520
337
1117
-589
1328
-4384
-16
-366
-537
1173
623
-4192
4161
1993
2772
4050
-275
2565
-2176
-3332
1124
805
1031
-3161
480
4612
-1983
-3088
-3210
-2502
-4451
3675
-1018
-1437
-1836
235
2420
-3120
371
846
-3151
-1551
1739
1491
4058
3640
1814
-618
-2369
4199
-692
-4334
-3780
4038
3718
1704
-3156
253
-2611
3398
-455
3478
-3319
2398
4899
2133
4602
-3145
3301
-4878
-2924
-223
620
80
-1179
1448
-2154
2583
3626
58
-4103
-3635
537
-2278
-3906
-120
-2709
-1265
-3155
2946
3151
-2007
4919
-4178
-993
2733
4642
-2046
-4572
-922
1380
4814
-865
-1834
-2877
-3280
2600
-2636
3454
2364
1803
3787
1343
1306
-820
3826
-3198
-3166
1650
3650
2542
-823
-3028
1242
-3435
-1848
3941
3706
4825
-2176
347
-3640
4408
-3216
3094
-1878
3217
-3336
-2602
1686
3991
-1630
1523
-4649
-2126
-2825
3914
-2241
-4425
2972
-3383
-2319
2215
585
2128
261
3103
3231
3240
2107
4867
-4762
2646
1826
-3034
1491
2795
-563
2976
2128
4999
-2226
-1908
-66
156
3454
4741
-808
-3280
4694
4461
2037
-705
3426
4975
3177
2632
-1504
-221
4802
-2893
-4172
-1031
2700
678
-2112
2758
-1686
3922
-679
-2788
-2095
153
4500
-4204
1355
-4618
699
3423
-4094
1916
-4631
-2196
-3537
386
55
4314
1271
-1513
4739
-2490
2627
-1715
4009
2422
-1853
4560
3235
4120
802
-4694
4818
312
-1176
-1584
-4740
-1005
-4171
-2335
-4588
4046
-850
2125
4309
4694
1988
1816
2275
3800
1353
722
-923
4534
-54
4476
-2676
3361
2364
-3703
-3085
3034
958
-2170
-2169
-743
-2112
-2278
-2028
-2383
3193
-50
-4451
562
-1581
2205
-4125
4713
3628
-3766
-2407
4353
778
285
4313
-1968
-409
4737
4453
-3430
-1763
-4289
-966
-2668
-1525
-2358
-3937
-2834
3998
3568
1855
-2054
3963
-4114
4853
3926
2948
-3076
-2325
40
106
15
-772
572
4822
4494
3549
1527
-2518
-4145
1057
-1259
3278
-1573
95
-1362
-2950
1360
4179
2756
-1405
-53
-942
-3375
1335
3254
1864
-3852
2999
301
4996
1857
-765
-2421
-822
-726
4066
-1316
1814
2164
3669
-3566
-1561
2161
-7
1582
649
-3633
-1370
4121
1843
-4589
-2316
-3277
-1657
-2191
4156
-2889
-4483
4387
-4817
4456
3684
-21
3302
1022
4495
-4437
-3117
-3636
-2551
-1989
2365
1038
4183
1800
-1167
4434
3581
932
-1985
1959
-4233
-1744
-2908
-540
-571
1070
3291
-3608
-2580
406
1437
4526
1090
2017
66
-2346
4850
3044
1483
1429
-1119
-1787
4357
-4578
1280
488
-1020
236
4597
-4915
-4258
2353
-2074
4558
-2859
-530
-2084
343
1737
213
1667
-3458
-2923
665
568
4496
-4712
-3004
2386
-4127
1347
-1037
-2748
3090
2280
4758
-3916
-4486
-3615
-1059
1489
-2627
2082
-1592
-2385
1526
-1474
-853
-2523
-1359
-4259
-1683
-569
-1810
1325
4406
1685
-3648
-3250
758
-698
2446
620
1907
4615
1737
576
-679
3150
4324
1148
-4825
2564
-3018
1248
-1936
3204
-4946
-3575
-4964
4911
-1543
-283
2139
2560
4901
3924
1121
-379
-4905
-841
1198
3116
-4212
3551
4275
915
2559
4858
-4754
2604
-3207
-3790
-4265
-3835
-2239
-1621
2630
2216
3060
-2948
-3327
2672
879
4301
-2705
-4964
-3298
-165
-3009
2241
-187
-4013
-4512
795
1226
3029
1359
4671
-3104
1030
-7
2063
-678
498
1516
-940
-1087
-3079
-1302
-4531
3707
-1917
828
-2914
-1531
4475
-3824
1357
241
-3319
3202
2113
1592
1068
4971
3167
1131
2238
-3768
-2044
757
-109
4692
-3810
4124
-376
-996
-1262
3025
-3199
2875
3811
3206
-1651
-3946
3606
4974
460
-1039
2327
-386
4548
4496
1175
-2352
4134
-2814
-4526
1212
1684
-3555
3979
-699
1323
3308
811
-3190
861
3519
1763
-1767
-4642
-3443
1952
-2296
-3556
-2059
-3572
-2262
269
-2307
2368
-2106
-4356
256
-4110
3602
-1727
2374
1434
-2239
3698
-147
-1345
3934
2192
-2467
3891
1630
4633
-1261
-342
1763
-309
3490
379
-3649
1512
-4331
-470
-3599
1492
3069
-1057
3114
-2531
3784
2173
3330
-4462
3591
3707
-1758
-930
-4129
-2109
-4236
67
-136
4656
-464
-1254
388
-2551
3819
-4591
251
426
4663
-3548
3085
-134
-768
1597
3738
-2851
1142
-960
4191
-730
-4937
2926
-3053
2790
2423
3645
1022
-1371
-4874
2515
4243
-3398
3288
22
-402
1280
1978
3433
-3665
-2427
-655
-2968
-1671
-5000
1045
2432
2783
3252
-144
-2834
1390
1831
-2552
-2674
2995
2931
1671
2469
-4588
-1620
4587
-974
-3746
3720
-2454
1025
-2081
-4193
2061
4343
-1772
-4798
-3997
3855
3218
4581
4081
844
4183
-4198
3843
-4104
-700
-372
4569
1973
-44
-1197
-1009
4762
3814
-4870
4539
3962
-1371
2996
-3098
-2001
-2069
-2306
-671
-1694
4144
1806
4009
-4639
-2747
1027
3066
4745
-980
3834
-696
3211
3015
1922
-3070
4985
632
-2817
-2599
-4016
2710
2770
-4432
-4300
2338
1142
-4691
-4535
4312
-2517
3690
-438
3623
-883
1440
-1953
-1754
-258
519
-498
-295
-3219
-4560
-2130
-3707
-2349
4590
-1343
582
4023
4707
3753
177
2553
1972
4294
4378
-1139
-1841
554
1312
3462
3209
-1158
4947
-3793
-2736
4779
2378
1538
2233
-3086
-3848
1411
-262
1363
-2225
2603
-4565
-902
1676
3560
-2790
2715
-448
-3740
-3065
-1597
2106
3072
3094
-3244
-1796
1768
-4045
1575
915
992
-3805
1182
-2570
1218
2158
3354
-2350
-4463
-2345
-3645
-3242
-2467
-4303
-1947
2033
-1871
545
-4553
4879
-495
-2415
-222
-600
-3321
3596
-3924
-2495
-3195
1571
-4356
3097
-1025
-4710
605
-1883
-2553
-3354
294
352
-3664
-113
4528
2940
-3236
-3532
4935
-1188
-4351
-866
-1332
4435
-4751
3835
1664
3263
221
-4882
-1993
570
2079
2122
-2485
-1055
-443
-4079
936
1214
2756
-616
-268
-1981
-977
-980
2340
-211
857
-3811
-2917
-89
1771
654
-3362
3218
-4921
3322
863
2873
2614
1544
-1261
3577
3914
-4697
-3179
-298
3494
4600
1241
-1903
-4523
-4496
1154
928
4134
1071
1949
-2051
1605
3457
-2268
-2761
-2630
16
2958
4157
2952
-4564
417
537
2317
3838
3652
-369
3128
-1852
677
-3464
2866
-3228
891
-3545
4853
894
-2975
1851
1152
3700
-4140
-3644
3077
-4570
-1142
2846
148
369
3579
2038
-1266
2774
2160
4868
4811
4958
-2764
-4840
-2130
-4264
3913
-3668
658
3695
-1644
4231
-1657
587
3963
-919
-2543
2989
833
-685
206
-330
-4301
-870
-3273
-2078
-4479
1266
-3738
-525
-2306
-427
-3656
-1700
-1450
3504
1367
-1934
-3322
-4007
3925
-3194
2542
1080
-1314
-51
2284
4790
-54
4433
4434
922
-210
2651
-4684
-4910
-132
4764
-1455
-3522
-3116
-494
-3495
4123
-757
4741
2876
3426
-1035
1593
-715
-917
-1506
3994
4634
4556
2772
489
1661
-1623
-1173
-426
4590
1233
-354
1508
-755
-1679
-1856
-3245
-4823
-3370
-1090
3361
-4501
-347
2791
2643
-2780
-4053
2511
1278
4891
-2858
-2955
-345
1345
-846
-1990
4312
-3967
-722
-704
1508
3402
-1147
4955
-460
-4194
721
-2629
3432
-2876
2324
99
-2654
1735
-2564
841
4027
-2399
968
-2406
-679
2662
-4500
-4988
1808
-3409
-3290
2701
-3328
-4088
-2145
4996
3233
56
-2195
-748
-2200
-4590
-62
1370
2443
-1954
-2344
-4450
-4229
2534
4435
-4130
4789
306
-3277
2219
427
-665
-1472
-627
-326
-4893
4667
821
-1354
-1539
3878
-1777
-2361
3204
-1100
4413
2568
-3001
-717
-1320
-1988
3139
3333
-1656
142
402
-4724
-4914
-4020
-393
-3195
-3388
-3610
-3673
-1885
-1402
2437
-115
3963
3386
3053
-2772
-3719
1498
816
814
-1465
-3654
3132
-2365
-1366
3856
1941
-2402
-603
-4981
4468
-1549
-317
-1001
3454
272
249
4888
1403
-709
820
-4288
3412
-4428
249
3120
-3625
3849
1265
-2347
-77
-1436
4633
-4810
-4348
-4623
-2566
-3404
-3881
4698
-611
2280
-4414
4345
2873
674
-3910
22
-4087
-3461
4563
-4456
-586
-2814
2896
3977
569
-3320
-2993
-4063
-4328
819
-33
-208
1445
-2711
-4800
-240
2667
-864
-2236
4298
-2814
769
1301
4744
4654
-2589
-1467
-3073
-4338
-1930
-3451
4252
-2442
4830
3798
3132
699
-2103
-4373
-363
-1923
-1700
4011
281
-3816
4075
-4332
844
3064
-1726
-2498
822
1596
-530
860
2851
2965
-3774
937
-1034
-1603
1146
-3534
4575
-1989
1336
2322
4053
727
190
-879
-1644
1167
861
-4147
1632
-4234
3935
3992
-2306
4434
-1188
2624
2093
-93
1882
-4944
4472
-4523
-3423
562
678
4409
-529
1127
4500
-3313
-2905
3288
-3880
-2803
3988
671
4819
4509
1896
-54
-1224
-2404
3090
-1726
-4525
-793
-320
-4842
-4205
-350
1859
-2014
-1746
1969
2016
-4822
3427
568
2064
1244
3272
4898
-548
-4872
4608
-3886
-4209
-512
4435
26
-1968
-2342
4061
4264
1161
-121
4227
445
2868
4550
-1982
16
2215
-4356
1640
-695
2648
-1828
-562
1724
-4986
-4876
4995
-1010
-4830
4587
-4107
1304
-1331
-310
3274
76
3348
-804
-4605
3019
33
1420
-1762
1662
3716
1413
1499
625
1071
-4756
-1092
-525
-3979
1737
-223
121
2169
1267
2877
1580
4852
1255
3778
3448
-292
-2391
-4003
1267
-2664
230
4015
-3795
-3311
-1964
1850
4471
-353
-600
-2227
3478
-1930
-4550
-1414
2201
-1117
-3774
2649
539
4308
4715
2482
1146
2510
1903
4076
2621
4313
4466
-4721
-129
210
-3118
591
-3812
253
-4463
-4591
-1708
-3241
2009
-3977
558
160
-2850
2816
3819
4551
-4747
-1526
3295
-2460
-1027
-3875
-1871
-601
1662
-1410
973
-1861
4633
4126
-2346
-529
-3488
-3824
-921
-1597
242
-2072
4437
-1548
2244
420
-4198
2966
-3340
3790
3251
3326
-1453
-727
-3867
-2137
3554
-4225
4308
-2031
139
2789
-2534
3430
958
-2680
2686
2121
-3464
3028
3325
1286
883
-2705
3799
4959
-3490
-545
-2855
-1908
1947
3217
2727
3018
601
2074
2239
-786
4071
-125
958
4631
-1265
-3535
4146
1411
2283
-2328
-4963
763
3560
-636
-4437
1237
2341
3707
-2354
-3783
-681
-3285
1885
2312
4702
4100
-4122
383
1521
-465
2792
4731
-808
4751
-3132
-1567
303
97
-930
3193
-2178
3814
-1345
209
-2486
-1128
1952
2433
1402
-311
-1855
582
-1580
-758
4541
547
4084
-1007
4086
-500
1954
-4847
-2281
4030
4066
-428
-16
-3386
-1216
4085
2063
2445
1505
306
3953
1565
-3512
-243
4601
1783
-4509
3353
2421
-2081
3993
-3242
4750
-2625
-873
3849
3937
-1047
-299
3910
-802
762
2881
4254
2588
1632
-3830
-3520
-3073
-2749
-1035
-2596
2290
720
-1820
231
1225
-4941
4117
523
-2740
-3629
521
-723
4182
2475
1591
2991
-2680
4550
-2263
936
1536
915
-580